873654221
379008056
1866992158
216771124
495070989
402959317
1369363414
2021925980
573109518
88325120
587595453
1401007982
873136276
268827376
1634173168
691823909
73807235
1273398721
2065119309
1672900551
479340445
268827376
1958948863
918272953
555010963
2010851491
1519833303
1748670931
1923497586
1829909967
1328042058
200382020
496319842
1203030903
1730708564
450926852
1303135678
1273398721
587288402
248421594
1958948863
575633267
655816003
1977864101
93805469
1803345551
49612559
1899802599
2013025619
578962478
1539989115
691823909
655816003
1315102446
1949668355
1923497586
1805594913
1861070898
715643788
464843328
896678084
1179439976
1122278347
416756875
267829958
1835213917
1328833962
1418570761
161033112
304212574
1539989115
655816003
960914243
1915696806
2013025619
1168140026
1923497586
167698528
1528387973
993794175
450926852
1462772409
1021685265
83696007
508154254
1861070898
26482542
444956424
2115448041
118254244
471503978
1215892992
135346136
1602504050
160037322
551454346
519485142
383947510
1968171878
540872513
2013025619
475051709
914834335
810642687
1019331795
2056065863
1342855162
1325809384
1988803007
765656702
1368624604
450181436
1927888393
1759567256
606425239
19268348
1298201670
2041736264
379756761
28837162
840612802
1314640371
1227221349
342269428
1603221416
1357584978
44531661
302545136
1153780144
73896786
533484900
1894307698
874340513
1124986343
1463788335
1056908795
195672285
961965583
1610169733
532794656
1035939303
5997802
1357503601
806159563
1902815253
1503184031
1032645967
229894219
823349822
1297900341
98640593
1839268120
573875290
1670898570
1118914567
178750207
1549372605
798174738
553410952
1661531649
1841414609
2116959593
796392706
532496463
2020525633
524444252
1569394691
1460267840
198324822
38071822
17271
660481279
352229765
1197518780
1376020303
2106639239
1765352082
1105092880
907248070
2011630757
8493988
1991925010
342093237
1634043183
341706507
320167954
1089696753
433032965
615974477
236150141
302034063
1437643198
1792475497
1647273132
696480901
1785569423
117806902
1639154709
2007423389
682761130
1166510396
1624514147
1116611914
410579806
1036100146
597897640
1268670769
307928077
667545295
35780816
527556884
1046824493
1165033492
476292817
1181363416
897739730
577107303
1714191910
1813128617
808919936
1840686215
1026771938
609471574
1022295947
1513073047
1612211197
435024109
1760865440
122574075
248031774
1344106948
425990073
666128954
442723456
2033800800
964467313
1004528509
1667495107
1806968543
938376228
1561423441
204120997
801158374
1502847623
282791231
1130361878
379464508
1760142791
1993140927
1678386613
957638
162587311
965299017
1158457671
1191143707
1826671743
1591533998
937297777
687896268
687034842
398197754 
386720536
316176388
1806358582
1501949241
1734077082
1374316395
2092186050
1393392374
1544979948
317419073
1474268163
509669280
1209573668
529048107
25321885
1717580117
1353003786
1734469503
998486810
773961798
1872541150
722225039
1166962073
1879990068
1850351876
99711329
1158117804
108033225
489486403
1981283465
248890888
2081512253
788294565
1074349202
294279708
596993084
151685779
1329272528
1173386294
1357882888
1546338557
1230864158
254174057
978943053
185526083
487269855
1631446539
1937476577
1541985579
718939
449650254
949737911
166840558
483922052
955932362
1209982549
1349003108
919544535
1845447001
2738939
709517751
786960785
973178279
286513148
1411193018
298068750
1589656152
331205412
592292984
1203569070
1692025209
1039908559
1012841433
1689682358
1092647459
739059626
1319962509
749368241
262763021
164000672
1076870026
1729673136
1453014524
375655500
322140729
556009645
421384574
485515899
492238933
1343124817
1973406531
86711717
24463110
606981348
513119113
2046387124
1928475945
2091141708
183753764
1827454623
1312166461
670843185
398226875
1250759651
95606345
1118234860
1099909092
10979313
1685251301
1868311537
1111853152
1750328066
1369177184
1344077538
1735817385
967002400
818777384
1561913259
344628625
1787167667
213027331
1812110433
1527847153
1855451778
849417380
944419714
1955448160
179408412
1567160817
9237185
1489531109
1054695706
1499999517
1530757746
901609771
1146547719
92726463
1731298717
684013066